4294967279,132
4294967278,221
4294967278,5
4294967278,4
4294967278,289
4294967278,6
4294967278,206
4294967278,203
4294967278,200
4294967278,197
4294967278,191
4294967278,9
4294967278,8
4294967278,7
4294967278,287
4294967279,187
4294967279,511
4294967279,2
4294967278,10
4294967279,510
4294967278,285
4294967278,284
4294967278,178
4294967279,509
4294967279,508
4294967279,507
4294967278,391
4294967278,11
4294967278,14
4294967278,13
4294967278,12
4294967278,281
4294967278,346
4294967278,274
4294967279,506
4294967279,505
4294967278,276
4294967278,275
4294967278,15
4294967279,504
4294967278,16
4294967279,88
4294967278,266
4294967279,503
4294967279,502
4294967279,501
4294967278,447
4294967278,17
4294967279,196
4294967278,18
4294967279,192
4294967278,19
4294967279,180
4294967278,446
4294967278,175
4294967278,445
4294967278,20
4294967278,444
4294967278,165
4294967278,22
4294967278,21
4294967278,161
4294967278,156
4294967279,500
4294967278,25
4294967278,24
4294967278,23
4294967279,499
4294967279,153
4294967278,314
4294967279,498
4294967278,313
4294967278,443
4294967279,148
4294967278,26
4294967279,143
4294967278,142
4294967278,305
4294967279,497
4294967278,140
4294967278,27
4294967279,276
4294967279,293
4294967278,28
4294967278,2
4294967278,442
4294967279,496
4294967278,441
4294967278,440
4294967278,439
4294967279,495
4294967279,279
4294967278,29
4294967278,30
4294967278,237
4294967279,494
4294967278,438
4294967278,223
4294967278,217
4294967278,31
4294967278,215
4294967278,212
4294967278,32
4294967278,34
4294967278,33
4294967278,204
4294967279,493
4294967278,199
4294967279,492
4294967279,198
4294967279,491
4294967279,195
4294967279,490
4294967278,37
4294967278,36
4294967278,35
4294967279,489
4294967278,187
4294967279,488
4294967279,487
4294967278,39
4294967278,38
4294967279,486
4294967278,172
4294967279,173
4294967279,171
54,2
54,4
4294967279,165
4294967278,437
4294967278,436
4294967278,41
4294967278,40
4294967278,278
4294967278,435
4294967278,317
4294967279,485
4294967278,42
4294967279,484
4294967278,434
4294967278,43
4294967278,433
4294967278,432
4294967278,431
4294967278,430
4294967279,483
4294967278,429
4294967278,428
4294967278,427
4294967279,482
4294967279,481
4294967278,45
4294967278,44
4294967278,426
4294967278,348
4294967279,480
4294967278,47
4294967278,46
4294967278,425
4294967278,322
4294967278,321
4294967278,298
4294967278,297
4294967278,390
4294967278,424
4294967279,479
4294967278,423
4294967279,318
4294967279,478
4294967279,477
4294967279,476
4294967278,48
4294967279,475
4294967278,422
4294967279,474
4294967278,49
4294967278,174
4294967278,50
4294967278,51
4294967278,421
4294967278,52
4294967279,432
4294967279,430
4294967279,399
4294967278,55
4294967278,54
4294967278,53
4294967278,420
4294967279,427
4294967279,426
4294967279,424
4294967279,423
4294967279,398
4294967279,396
4294967279,395
4294967279,284
4294967278,56
4294967279,447
4294967278,57
4294967279,446
4294967278,323
4294967278,59
4294967278,58
4294967278,352
4294967278,378
4294967278,377
4294967278,60
4294967279,393
4294967279,392
4294967278,350
4294967279,390
4294967279,473
4294967278,63
4294967278,62
4294967278,61
4294967279,87
4294967279,86
4294967279,84
4294967279,389
4294967278,419
4294967279,429
4294967279,458
4294967279,472
4294967279,305
62,2
60,5
4294967279,167
4294967279,83
4294967279,81
4294967279,78
4294967279,76
4294967279,75
4294967279,73
4294967279,71
4294967279,69
4294967278,418
51,2
4294967294,5
62,4
62,5
60,4
4294967294,76
4294967294,36
4294967294,41
4294967294,43
4294967294,417
4294967294,1419
4294967294,82
4294967294,83
4294967279,457
51,6
51,5
4294967279,160
4294967279,387
4294967279,385
4294967279,68
4294967278,417
4294967279,319
4294967279,133
4294967279,66
4294967279,65
4294967279,297
4294967279,296
4294967278,416
4294967279,295
4294967279,317
4294967279,64
4294967279,63
4294967279,61
4294967279,60
4294967279,315
4294967278,415
4294967279,312
51,4
4294967279,452
4294967279,290
4294967279,275
4294967279,58
4294967279,57
4294967279,471
4294967279,289
4294967279,274
4294967279,310
4294967279,288
4294967279,309
4294967279,55
4294967279,54
4294967279,52
4294967279,269
4294967279,287
4294967279,455
4294967279,308
4294967278,387
4294967279,51
4294967279,49
4294967279,307
4294967279,456
4294967278,414
4294967279,264
4294967278,413
4294967279,306
4294967279,47
4294967279,46
4294967279,44
4294967279,282
4294967279,442
4294967279,281
4294967279,43
4294967279,41
4294967279,40
4294967278,412
4294967279,280
4294967279,278
4294967278,383
4294967278,255
4294967278,342
4294967278,341
4294967278,254
4294967279,38
4294967279,36
4294967278,340
4294967278,339
4294967278,338
4294967278,337
4294967279,33
4294967279,32
4294967279,31
4294967278,251
4294967278,250
4294967278,336
4294967278,335
4294967278,246
4294967278,244
4294967278,242
4294967278,240
4294967279,29
4294967279,28
4294967279,27
4294967279,25
